   2.4653049175400166e+00
  -1.2566429356986795e+00
  -9.1099552490298230e-01
   2.4056677853438788e-01
  -8.9433055225869129e-01
   1.3382396603093987e+00
  -6.5253011294791063e-01
   2.3752839438291209e-01
   5.2879003425916749e-01
  -5.1908299264893631e-01
   6.5715066143972583e-03
  -4.3248293890486478e-01
  -1.7132345472708870e+00
  -3.8012436343838996e-01
   1.1195991700973293e+00
  -8.5204249804957499e-02
   9.6103313235044910e-02
  -1.1907545247277299e-01
  -7.4575853219211330e-01
  -1.7039055020146527e+00
  -1.9825567934493638e-02
   3.9258933956496495e-01
   6.3837977184961892e-01
  -1.1457352887608216e+00
   2.4633463611547137e+00
