  -5.9373878432590543e-01
  -4.1691230333645137e+00
  -4.1744084217746815e+00
   2.4906952835913407e+00
   3.4101809055558602e-01
  -2.4009927058399692e+00
  -1.6286540407911165e-01
   2.7279683931468575e+00
   8.9514778400687633e-01
  -1.8453493736016090e-02
   5.7570074364565569e+00
  -2.4559709125854829e+00
   6.8422352042008816e-01
   1.3199633519247586e-01
  -4.5943596639600592e+00
   1.4420883951573191e+00
   3.8893018339028025e+00
   1.5231936938055628e+00
  -9.9627104180907478e-02
   5.0164978649724459e+00
  -2.5686925549064861e+00
   1.8670996341982704e+00
   2.9276344299196155e-01
  -4.3925806901309148e+00
  -3.2971953834321566e+00
