  -4.9024507403373718e-02   1.8972808122634888e-01
  -5.3965531289577484e-02   4.6171614527702332e-01
  -2.5247557088732719e-02   3.9407861232757568e-01
  -2.7146115899085999e-02   4.1235041618347168e-01
  -3.5787887871265411e-02   3.3337861299514771e-01
  -2.7984626591205597e-02   3.8937526941299438e-01
  -1.0550092905759811e-02   6.8870759010314941e-01
  -4.5481659471988678e-03   7.0880615711212158e-01
  -9.3895010650157928e-03   7.3876774311065674e-01
  -2.6649463921785355e-02   6.0857796669006348e-01
  -1.5015270560979843e-02   4.9839860200881958e-01
  -1.7829316202551126e-03   7.8044074773788452e-01
  -2.2568558342754841e-03   8.2392698526382446e-01
  -2.1477504633367062e-03   7.6681780815124512e-01
  -2.1008934825658798e-02   6.7736303806304932e-01
  -1.2136369012296200e-02   3.3368340134620667e-01
  -3.5256247501820326e-03   7.1735322475433350e-01
  -1.7519542016088963e-03   7.7857208251953125e-01
  -5.4138274863362312e-03   7.7611750364303589e-01
  -2.6391604915261269e-02   6.1588805913925171e-01
  -5.1689963787794113e-02   1.8588271737098694e-01
  -4.0512353181838989e-02   3.6310240626335144e-01
  -3.6380078643560410e-02   5.7925975322723389e-01
  -1.7685679718852043e-02   5.0190085172653198e-01
  -2.9142491519451141e-02   4.3186116218566895e-01
