   5.4456444894708622e-01
   4.3461572677443205e-01
  -2.8233756397020766e+00
   3.8787201038174479e-01
   4.1203196619455718e-01
  -3.3139064624430381e-01
  -1.5875548586287599e-01
  -3.6093316168834771e-01
  -2.5154986728459866e-01
  -4.4533176129786849e+00
  -9.3448514995846374e-02
   1.7546564322503794e-01
   1.5043758338195070e+00
   3.6436242265672031e-01
   5.0187815654219370e-01
   4.0621034281144958e-01
   1.1973019995209924e+00
   2.9570775172711539e-01
   9.2355965814086916e-01
   5.2423216895812508e-01
   3.0256247285345489e-01
  -6.7458509063948868e-01
   3.4752152536492376e-01
  -4.7666891212744900e-01
   7.6203648967560123e-01
  -5.9070100387455804e-01
  -6.4723115044091417e-01
  -1.4626817005858050e+00
  -4.4351362306519043e-01
  -1.0200991825893435e+00
