  -2.3751537461395635e+00
   1.2783529858862146e+00
  -4.8620296811683295e+00
  -2.0714664293229630e+00
  -4.9475066327572964e-01
  -1.6995859298786400e+00
  -8.8833996585755592e+00
  -9.7286909024924006e-01
   4.8293870421584026e+00
   7.6469267049646383e-01
  -1.1395211374246894e+00
  -1.7278640817154036e+00
   9.7844763451891981e-01
  -1.0408246302255044e+00
  -2.6310042757753220e+00
   5.1373094000849462e-01
  -1.0961744030209037e+01
   8.4921523146261479e-01
   1.6982662813265388e+00
   1.1670756761153607e+00
