  -5.0375895267061731e-02   6.2362291265249281e-01
  -2.8035391908384413e-02   6.7322962524450314e-01
  -3.8420103866973428e-02   7.1816986441020458e-01
  -4.4785535319345919e-02   7.3764273802075597e-01
  -4.0096799934096282e-02   8.7002608030775108e-01
  -3.8391865373734270e-02   7.5691557062998882e-01
  -5.3933382855940279e-02   7.3697089222845591e-01
  -5.5897281353268623e-02   6.0495187782746007e-01
  -3.1319842215730927e-02   8.5540761042772606e-01
  -5.1419084576087279e-02   1.1019461580154408e+00
  -4.3533279068759236e-02   7.4910525766795921e-01
  -7.6016094612111992e-02   7.5209213294015342e-01
  -7.1330944504690075e-02   5.3959107204201229e-01
  -4.8875318038575352e-02   7.6008477362049143e-01
  -4.2365895213487562e-02   1.1177252955810504e+00
  -5.5882532450200133e-02   8.4494865691067822e-01
  -6.5854410154095155e-02   8.2665126702124736e-01
  -7.5926838556975379e-02   6.7617648919759121e-01
  -4.5342738206186971e-02   7.6172292204066139e-01
  -5.4730710260537989e-02   1.0588261726625565e+00
  -4.3042892502365031e-02   8.3071905286323489e-01
  -5.6301170161823497e-02   1.0171756174596478e+00
  -4.8191431023265049e-02   9.8404513312027930e-01
  -4.7513623472074079e-02   7.9503818614768329e-01
  -4.7370819627234183e-02   8.6225623957105568e-01
