  -2.8820155290385903e+00
  -8.5644097313452350e-01
  -1.2134024809849016e+00
   7.8825179221910213e-01
   1.8276642049879281e+00
  -1.8924389426619213e+00
  -1.2886451521477482e-01
   1.3796758740810788e+00
   1.5061968754786245e-01
   1.3383093831708437e+00
   7.7523804939589691e-01
  -2.6399236556929623e-01
   2.2533072409424440e-01
  -9.6739211295376670e-01
   2.7467788914857416e+00
   1.0034844476888950e-01
  -2.9975635167445858e+00
   2.8112241721500921e+00
   4.8528451373968834e-01
   1.6652298435997288e+00
   8.6060366481373418e-01
   7.5582501866915397e-01
  -1.5733983025973272e-01
   1.9847669071604634e-01
   1.0063033246088444e+00
