   5.7664037024585890e-01
   2.8320096336058289e+00
   1.2361845849643349e+00
  -7.7108145272891215e-01
   1.0836836053019450e+00
   3.3181535526960264e+00
  -5.7502979489001644e+00
  -3.1172388103945536e+00
   1.0869844954067711e+00
  -2.6915636782893709e-01
   1.7724834857193918e+00
   3.9534137408983983e-01
   1.4954123828609147e+00
   8.4523439259528066e-01
  -5.1487556026043468e-01
   2.7865346811501635e+00
   4.2372305789164342e+00
  -4.1731244608257150e+00
  -1.0161499582117681e+00
   1.9081938441713184e+00
   2.8270405314393052e+00
   2.3730710125702914e-01
  -6.3932277887577926e-01
   4.4927661677251685e+00
   5.0668822928730128e-01
