  -3.0655082315206528e-02   1.0595272779464722e+00
  -2.5165859609842300e-02   1.0805606842041016e+00
  -3.1423836946487427e-02   9.4043636322021484e-01
  -3.6294844001531601e-02   8.0862981081008911e-01
  -6.1527181416749954e-02   9.0146946907043457e-01
  -2.2466741502285004e-02   1.1238245964050293e+00
  -1.2879393994808197e-02   1.0708705186843872e+00
  -1.2324143201112747e-02   7.3519796133041382e-01
  -1.7966870218515396e-02   8.8862305879592896e-01
  -4.5754872262477875e-02   1.0910280942916870e+00
  -2.4263128638267517e-02   1.2167749404907227e+00
  -7.1640270762145519e-03   9.4123506546020508e-01
  -1.5006072353571653e-03   6.5278846025466919e-01
  -3.9941994473338127e-03   7.6474505662918091e-01
  -3.9520494639873505e-02   1.1565262079238892e+00
  -2.9320036992430687e-02   1.1083495616912842e+00
  -8.0637075006961823e-03   1.0216854810714722e+00
  -5.3826533257961273e-03   7.4884003400802612e-01
  -2.4097960442304611e-02   7.8146934509277344e-01
  -4.7341648489236832e-02   9.6751546859741211e-01
  -5.0486534833908081e-02   1.0592864751815796e+00
  -3.9580371230840683e-02   7.9687345027923584e-01
  -3.9979904890060425e-02   9.4941318035125732e-01
  -3.1290642917156219e-02   1.0477397441864014e+00
  -2.9771890491247177e-02   1.1136453151702881e+00
